version https://git-lfs.github.com/spec/v1
oid sha256:feb1612db5482b5c40896a3d9e1633e1ab6f73d3d2291092eb616f5b3343c143
size 14362
